00000000000000010000010000010011
00000000101000000000001100010011
00000000011001000010000000100011
00000000010000000000001100010011
00000000011001000010001000100011
00000001001000000000001100010011
00000000011001000010010000100011
00000001100000000000001100010011
00000000011001000010011000100011
00000000001000000000001100010011
00000000011001000010100000100011
00000001111100000000001100010011
00000000011001000010101000100011
00000000100100000000001100010011
00000000011001000010110000100011
00000000101100000000001100010011
00000000011001000010111000100011
00000001010100000000001100010011
00000010011001000010000000100011
00000010000000000000001100010011
00000010011001000010001000100011
00000000101000000000001100010011
00000000000001000000001110010011
00000000000000000000010010010011
00000000000000000000100100010011
00000010011010010101000001100011
00000000000000111010111000000011
00000001110001001011111010110011
00000000000011101000010001100011
00000000000011100000010010010011
00000000000110010000100100010011
00000000010000111000001110010011
11111110010111111111000011101111